1510240927,0,0
1510322647,1,0
1510773729,2,0
1510834927,3,0
