1391379998,0,0
1405602851,0,0
