1391380243,0,0
1398182376,1,0
1405612797,1,0
1409580413,0,0
1409670418,1,0
