1391380029,0,0
1405603475,0,0
