1409839862,1,0
1410446193,1,0
