1646252009,0,0
1662146172,9,0
