1646252068,0,0
1658171811,1,0
