1646252316,0,0
1658251369,4,0
1659108219,13,0
1659111714,15,0
1659115293,20,0
1659118956,28,0
1659381655,36,0
1659705823,39,0
1659716655,41,0
1659720163,42,0
1659986449,44,0
