1583774035,0,0
1588169640,1,0
1591459937,2,0
1593558589,3,0
1594055291,4,0
1594120064,5,0
1594728504,6,0
1594732116,7,0
1596575320,6,0
1596713021,5,0
1597201695,6,0
1597270118,7,0
1597417765,8,0
1598008138,9,0
1598155752,10,0
1598270967,11,0
1598281804,10,0
1598364601,9,0
1598879346,8,0
1599570534,9,0
