1583774363,0,0
1596744819,152,0
1596806020,153,0
1597083163,152,0
1597695325,151,0
1597698917,150,0
1598310913,149,0
1602695600,150,0
