1594645446,0,0
1597532666,1,0
