1572967286,0,0
1579540151,1,0
