1572967876,0,0
1573150531,1,0
1578158314,2,0
1578593931,1,0
