1572967117,9,0
1572969927,10,0
1572977136,11,0
1572998819,12,0
1573063540,13,0
1573067126,14,0
1573074339,13,0
1573077940,16,0
1573491950,15,0
1574539893,16,0
1575148056,17,0
1575166044,18,0
1578780374,19,0
1579025170,20,0
1579194415,21,0
1579701952,22,0
1579712760,23,0
1580076354,22,0
