1572967077,0,0
1575237975,1,0
1575245203,2,0
1575295562,3,0
1575374805,4,0
1575385568,5,0
1576188368,6,0
1576767969,7,0
1577826394,8,0
1579273568,7,0
1579788321,8,0
1580349965,7,0
1582247174,8,0
1582581952,9,0
1583204765,10,0
