1572968241,0,0
1579720849,1,0
