1519231326,0,0
1523273036,6,0
1523276619,9,0
1523280235,12,0
1523283835,13,0
1523291071,14,0
1523294644,15,0
1523297831,27,0
1523298266,30,0
1535405260,31,0
1536010149,32,0
