1536254960,0,0
1536262161,1,0
1536265663,3,0
1536272893,5,0
1536542896,6,0
1536600626,7,0
