1445014538,0,0
1450289433,1,0
1452535874,0,0
1454379077,1,0
