1445015080,0,0
1453141246,1,0
1453224057,2,0
1453234849,3,0
1453260019,4,0
1453313776,5,0
1453324873,6,0
1453328477,7,0
1453494042,8,0
1453666850,9,0
1453922464,10,0
1454361702,11,0
1454440877,12,0
1454516505,14,0
1454610064,15,0
1454617282,16,0
1454732420,17,0
1456176034,18,0
