1445015171,0,0
