1445015162,0,0
1447610773,1,0
1447705314,2,0
1450452130,1,0
