1453220359,1,0
