1552750365,0,0
1555374858,3,0
1555547656,5,0
1555720471,7,0
1555979673,9,0
1556066053,10,0
1556069914,11,0
1556152457,14,0
1556325264,15,0
1556670858,16,0
1556843660,15,0
1557016458,16,0
1557362065,15,0
1557534870,16,0
1557966858,17,0
1558485259,16,0
1560472457,17,0
1560818065,15,0
1560904467,14,0
1561422869,12,0
