1632832949,0,0
1637381507,1,0
1643131021,2,0
