1632832822,0,0
1636027753,3,0
1636056552,4,0
1636124965,5,0
1636142939,6,0
1636150326,7,0
1636168112,8,0
1636391350,9,0
1636402133,10,0
1636682908,9,0
1637078984,10,0
1637082545,11,0
1637269765,12,0
1637615325,11,0
1638216569,12,0
1640149993,11,0
1641330832,12,0
1642378431,11,0
1642698726,10,0
1643033563,11,0
1656456269,10,0
