1632832894,0,0
1637187034,1,0
1646783233,2,0
