1641946317,0,0
1642198284,1,0
1642202018,2,0
1642205578,4,0
1642259524,5,0
1642263144,6,0
1642428751,5,0
1642471974,6,0
1642634019,6,1
1642785118,6,2
1643235120,8,0
