1539382130,0,0
1541426487,1,0
1541455342,2,0
1541458906,3,0
1541538096,4,0
1541545307,5,0
1541548887,6,0
1541631710,7,0
1541638900,8,0
1541649689,7,0
1541707302,8,0
1541714589,9,0
1541782894,8,0
1541901687,9,0
1542045700,10,0
1542542579,11,0
1542801755,10,0
1544119297,11,0
1544554906,10,0
1544742117,9,0
1546376512,10,0
1547179303,11,0
1547380907,12,0
1547481699,11,0
1547510509,10,0
1547517708,9,0
1547751699,10,0
