1539382147,0,0
1546567321,1,0
1547474516,0,0
