1539382100,0,0
