1539447491,0,0
1547835168,1,0
