1548864243,0,0
