1541532159,0,0
1541611382,1,0
1542057872,2,0
1543620411,3,0
1545002757,2,0
1547659537,3,0
