1542234389,0,0
