1543331271,2,0
1544220488,3,0
