1618446815,0,0
1618619590,4,0
1618706008,5,0
1618965232,4,0
1619051644,5,0
1619829217,6,0
1619915652,7,0
1620261260,6,0
1620434026,7,0
1620952451,8,0
1621298046,9,0
1622075662,10,0
