1424709162,0,0
1438826547,1,0
