1424709869,0,0
1437592625,1,0
1440781581,1,0
