1583800492,0,0
1589589312,1,0
