1475773391,0,0
1484100935,1,0
1484590484,4,0
1484597629,5,0
1484716424,6,0
1484741674,7,0
1484766917,8,0
1484770516,9,0
1484774072,10,0
1484842477,11,0
1484939652,12,0
1484946881,14,0
1485375289,15,0
1485378870,16,0
