1475772095,0,0
