1475858123,0,0
1478614477,7,0
1484069467,6,0
