1519230271,0,0
1527387133,1,0
1528590830,0,0
1528850040,1,0
