1552746702,0,0
1565572699,1,0
