1552746088,0,0
1567012027,1,0
1567015618,0,0
1567472787,1,0
1568055981,0,0
