1552746585,0,0
1562411690,1,0
1562505291,2,0
1563210910,3,0
1564352120,4,0
1564949706,5,0
1565011017,6,0
1565565352,7,0
1565637327,9,0
1565695001,10,0
1565709336,11,0
1565878533,12,0
1565921728,13,0
1565961337,15,0
1566245741,16,0
1566249324,18,0
1566274541,19,0
1566335720,20,0
1566339335,23,0
1566342943,24,0
1566350137,26,0
1566353732,27,0
1566490535,28,0
1566522946,29,0
1566605740,30,0
1566731782,31,0
1566764162,32,0
1566828982,33,0
