1552746075,0,0
1557504323,1,0
1558177513,2,0
1563221133,3,0
1564765535,2,0
1566039986,3,0
1566072334,4,0
1566230750,3,0
1566853584,2,0
1566871580,3,0
1566918400,2,0
1567008406,3,0
1567019196,4,0
1567033593,5,0
1567523272,7,0
1568055959,9,0
1568919965,10,0
