1552746613,0,0
1554866091,1,0
1554916519,0,0
1557429323,2,0
1558361707,1,0
1558383312,2,0
1558534504,3,0
1560802537,4,0
1560806145,20,0
1566580611,19,0
1566760617,18,0
1566955043,19,0
1567102638,18,0
1567192630,17,0
