1562858093,0,0
1562858514,0,0
1565032969,1,0
1565065402,3,0
1565090578,4,0
1565097778,5,0
1565101399,9,0
1565104988,12,0
1565148166,13,0
1565180576,14,0
1565659364,13,0
1567013066,12,0
1567686243,11,0
