1563207315,0,0
1563228917,1,0
