1413562463,0,0
1415564417,1,0
1418149229,2,0
1418664062,1,0
1418678468,0,0
1422639123,0,0
