1413562105,0,0
1422634956,0,0
