1413562105,0,0
1422635018,0,0
