1413562383,0,0
1415909955,1,0
1416590373,2,0
1417965541,3,0
1419182370,3,0
1422637829,3,0
