1413562507,0,0
1420834934,1,0
1422639858,1,0
