1413561672,0,0
1415124302,1,0
