1421780748,0,0
1421849139,1,0
1422291949,2,0
