1382583477,0,0
