1382582271,5,0
