1424700493,0,0
1433723810,14,2
1433786110,0,0
