1433723667,19,4
