1433723606,33,0
