1456872743,0,0
1472162915,1,0
1473181710,0,0
1474035433,0,0
