1456873012,0,0
1459361569,1,0
1466180037,0,0
1471540419,1,0
1474035222,1,0
