1456872786,0,0
1472832602,1,0
