1487597854,0,0
1500995221,1,0
1501250436,2,0
1501268842,3,0
1501596448,4,0
1501848511,7,0
1501851978,8,0
1501855586,9,0
1501884414,8,0
1503090417,9,0
1503349579,11,0
1503417965,10,0
1503421538,11,0
1503511585,12,0
1503615980,13,0
1503950762,14,0
1504011982,13,0
1504213561,14,0
