1487598831,0,0
1491247532,1,0
1499973906,2,0
1503275104,3,0
