1487597551,0,0
1490713254,1,0
1490785258,2,0
1490796050,3,0
1490799658,4,0
1490814055,5,0
1502722844,6,0
1502971245,7,0
1503194448,6,0
1503511244,7,0
