1487598649,0,0
1491222082,1,0
1491250965,2,0
1491254597,6,0
1491258182,10,0
1491268877,15,0
1491272496,17,0
1491276100,19,0
1491279768,21,0
1491304913,23,0
1491326484,24,0
1491344501,25,0
1491880877,26,0
1498486848,27,0
1502158830,28,0
