1494950807,0,0
1495055624,1,0
1500235964,2,0
1503252768,3,0
1503256346,4,0
