1502140576,0,0
1502144215,1,0
