1646357446,0,0
1651192245,3,0
