1648773095,0,0
1649291511,1,0
1651797114,2,0
