1616678442,0,0
1621898202,1,0
1625142313,2,0
1626103304,1,0
1629156432,2,0
1629739379,3,0
1629746590,4,0
1629833026,5,0
