1616677767,0,0
1621335923,1,0
1621339512,2,0
1621350319,3,0
1621353899,6,0
1621357499,12,0
1621361105,13,0
1621364713,16,0
1621382711,17,0
1621433129,18,0
1621436725,19,0
1621508711,20,0
1621976713,21,0
1622041524,20,0
1622217911,21,0
1623841544,20,0
1623877520,21,0
1626714380,22,0
1627661164,23,0
1627729570,24,0
1628301963,23,0
1628564782,22,0
1628687200,23,0
1628708805,24,0
1629284804,25,0
1629666383,26,0
1629749216,27,0
1629756548,28,0
1629904051,26,0
1629911208,24,0
1629925611,25,0
1630001232,26,0
1630336054,27,0
1630354022,28,0
1630534105,29,0
1630548391,30,0
1630775176,31,0
1630854437,32,0
1630947991,33,0
1631030819,34,0
1631038007,33,0
