1616677947,0,0
1621426090,1,0
