1616677793,0,0
1621364739,1,0
