1616677794,0,0
1621472742,1,0
1621616730,2,0
1630775206,1,0
