1616678283,0,0
1621970020,1,0
1624914872,2,0
1625231772,3,0
1627395554,4,0
1627402663,5,0
1627409970,6,0
1627417149,8,0
1627928253,9,0
1628029213,10,0
1628875179,11,0
1629213621,12,0
1629375570,11,0
1629400810,10,0
1629404436,9,0
