1616681463,0,0
1627499533,72,0
1629486936,71,0
