1603758817,0,0
1607958245,1,0
1608059104,2,0
1608145438,3,0
1608152663,4,0
1608156263,5,0
1608159905,7,0
1608221085,8,0
1610413434,9,0
1610741047,10,0
1611007436,9,0
1611947047,10,0
1612137847,9,0
1612364659,8,0
1615838616,7,0
