1612192546,0,0
1612286050,4,0
1612289633,11,0
1612304025,12,0
1612411994,11,0
1613153607,10,0
