1612191717,0,0
1612227699,1,0
1612231302,2,0
1612238506,3,0
1612281723,4,0
1612285303,5,0
1612288905,7,0
1612292507,8,0
1612296104,9,0
1612303301,10,0
1612317701,11,0
1612389696,10,0
